from_node to_node capacity num_fiberducts prob_failure
9 2 1000000.0 1 0.0001013365644745618
9 17 1000000.0 1 0.00397476722300465
9 8 0.0 0 0.0022115484863027305
9 12 0.0 0 0.0013673609680314818
9 4 0.0 0 0.0032195292565036734
9 3 0.0 0 0.0024043999162351617
9 10 0.0 0 0.0007851060072525627
9 1 0.0 0 6.335028921280999e-05
9 6 0.0 0 0.00019007610967196437
9 5 0.0 0 0.0003906098995538881
9 7 0.0 0 0.002333642060804731
9 16 0.0 0 0.0006528423989784781
9 15 0.0 0 0.00011708314903456888
9 13 0.0 0 0.001113965319461272
9 14 0.0 0 5.5456638079177486e-05
9 11 0.0 0 0.0006696159254740566
2 9 1000000.0 1 0.0014069126046667652
2 3 1000000.0 1 0.003218076043979236
2 4 1000000.0 1 0.00010805454769646978
2 17 0.0 0 0.0010413162053893581
2 8 0.0 0 0.003494128852364602
2 12 0.0 0 5.4391326829546135e-05
2 10 0.0 0 0.0010537024062546576
2 1 0.0 0 0.0008269232652863837
2 6 0.0 0 0.0028928177948998788
2 5 0.0 0 0.00018430349807308286
2 7 0.0 0 0.0003561141709680769
2 16 0.0 0 0.0003694628419633963
2 15 0.0 0 0.00040061098278155094
2 13 0.0 0 0.0024192926952848128
2 14 0.0 0 7.56446826387185e-05
2 11 0.0 0 0.0003648706082186043
17 1 1000000.0 1 0.0002827360297692553
17 9 1000000.0 1 0.0005431065560171443
17 14 1000000.0 1 0.00034807194961532006
17 11 1000000.0 1 0.0009055664543613681
17 2 0.0 0 0.0011891899329572937
17 8 0.0 0 0.0016076744892159704
17 12 0.0 0 0.00036977212506455716
17 4 0.0 0 0.0008722357048871932
17 3 0.0 0 0.0015031524509787053
17 10 0.0 0 8.719610633992827e-05
17 6 0.0 0 0.001953449198311079
17 5 0.0 0 0.0030243320029863653
17 7 0.0 0 0.0002693993070820403
17 16 0.0 0 0.00017538606397509484
17 15 0.0 0 0.00015843563145686554
17 13 0.0 0 0.0005083551388858541
8 12 1000000.0 1 0.00020760059432755186
8 4 1000000.0 1 0.002825291594931148
8 9 0.0 0 0.002054448058534382
8 2 0.0 0 0.0004283588981247444
8 17 0.0 0 0.00390270342836028
8 3 0.0 0 0.004181826060089274
8 10 0.0 0 0.0008983580068610075
8 1 0.0 0 0.00019509413431550984
8 6 0.0 0 0.0003469580259077541
8 5 0.0 0 0.0042197731185115
8 7 0.0 0 0.0003531870413841327
8 16 0.0 0 0.00020699906133859634
8 15 0.0 0 0.0007349029388758588
8 13 0.0 0 0.00044061966429493005
8 14 0.0 0 0.0021619312990463963
8 11 0.0 0 0.00030747920674497936
12 13 1000000.0 1 0.006230199210264061
12 8 1000000.0 1 0.0002822077394286691
12 11 1000000.0 1 4.855038732078105e-05
12 9 0.0 0 0.0008139714573316471
12 2 0.0 0 0.0006229953524662739
12 17 0.0 0 0.0012334187406701348
12 4 0.0 0 0.0005746925150144444
12 3 0.0 0 0.0006135430721402616
12 10 0.0 0 0.0023425919859205104
12 1 0.0 0 0.0005836432950422804
12 6 0.0 0 0.0009701821574267617
12 5 0.0 0 2.049493942954634e-05
12 7 0.0 0 0.0016863754965852412
12 16 0.0 0 0.0007975410033385387
12 15 0.0 0 0.000517773521016697
12 14 0.0 0 0.0026183436014433647
4 2 1000000.0 1 0.0028507097164696543
4 8 1000000.0 1 0.0005248016507568878
4 6 1000000.0 1 0.0015314937077707258
4 5 1000000.0 1 0.000782424443675705
4 9 0.0 0 0.0024584116972893887
4 17 0.0 0 0.00044857937036257844
4 12 0.0 0 5.736196244251443e-05
4 3 0.0 0 0.004949453228179551
4 10 0.0 0 9.074931766051028e-05
4 1 0.0 0 0.000354632024343934
4 7 0.0 0 0.0006169450779651748
4 16 0.0 0 0.0003149561892269986
4 15 0.0 0 0.0003291132453439492
4 13 0.0 0 0.00022938475739729317
4 14 0.0 0 0.0005544868498606603
4 11 0.0 0 0.001040982982933739
3 10 1000000.0 1 0.0014676312613804614
3 2 1000000.0 1 0.00047365007974452977
3 9 0.0 0 0.0019220164774664983
3 17 0.0 0 0.0006855649807234099
3 8 0.0 0 4.547343366098129e-06
3 12 0.0 0 0.0005110846953677914
3 4 0.0 0 0.004083046885636541
3 1 0.0 0 0.0021819173831764574
3 6 0.0 0 0.0001609557979054542
3 5 0.0 0 0.0019202930063565542
3 7 0.0 0 0.00010926709867397568
3 16 0.0 0 0.0016274827147519585
3 15 0.0 0 0.0019119107201168556
3 13 0.0 0 0.0008174286173331998
3 14 0.0 0 0.0005381832301059937
3 11 0.0 0 0.001316330143833708
10 7 1000000.0 1 0.0009044102737820193
10 3 1000000.0 1 4.994690149219586e-05
10 9 0.0 0 0.0008423660642146078
10 2 0.0 0 5.893698652079884e-05
10 17 0.0 0 0.0007445040761992771
10 8 0.0 0 0.0016608625686363608
10 12 0.0 0 0.006349570574378464
10 4 0.0 0 4.109569292478429e-05
10 1 0.0 0 0.0005381820019513949
10 6 0.0 0 6.173724116198418e-05
10 5 0.0 0 0.0006551166125659206
10 16 0.0 0 0.00020658078939817374
10 15 0.0 0 0.00015793066246534484
10 13 0.0 0 0.0020980742427918597
10 14 0.0 0 0.0004517507233546179
10 11 0.0 0 0.00010606991952043327
1 6 1000000.0 1 0.00019006129872788896
1 17 1000000.0 1 5.414567630839821e-05
1 5 1000000.0 1 0.00030090093162927025
1 9 0.0 0 0.0016268647470863745
1 2 0.0 0 0.0009692838205525928
1 8 0.0 0 7.504493977489649e-05
1 12 0.0 0 6.838230841363386e-05
1 4 0.0 0 0.0008695641644234847
1 3 0.0 0 0.0023733113526755345
1 10 0.0 0 0.0030806296722386767
1 7 0.0 0 0.0008116290759631659
1 16 0.0 0 0.0002967587186025611
1 15 0.0 0 9.119985962927254e-05
1 13 0.0 0 2.61569562526751e-05
1 14 0.0 0 0.0004610010544079507
1 11 0.0 0 0.0042795543435935005
6 1 1000000.0 1 0.0025456077110709865
6 7 1000000.0 1 0.0011971100182898236
6 4 1000000.0 1 0.0005827963889978538
6 16 1000000.0 1 0.0019249506216902812
6 9 0.0 0 0.00020915620755084218
6 2 0.0 0 0.0004266505162133211
6 17 0.0 0 0.0016782870077335617
6 8 0.0 0 0.0017770203983890683
6 12 0.0 0 3.170530397111244e-05
6 3 0.0 0 0.007822491511200264
6 10 0.0 0 0.002094680003376149
6 5 0.0 0 0.001030840978417002
6 15 0.0 0 0.002853116180020193
6 13 0.0 0 0.0002032966560155482
6 14 0.0 0 6.105137538616785e-05
6 11 0.0 0 0.0005191168635143148
5 1 1000000.0 1 0.0002000559174587605
5 4 1000000.0 1 0.0018445988042709931
5 15 1000000.0 1 0.002170552984393219
5 9 0.0 0 0.00021547806590535687
5 2 0.0 0 0.00553788615786677
5 17 0.0 0 0.0007731472168587101
5 8 0.0 0 4.155096497710499e-05
5 12 0.0 0 0.0006667064059805912
5 3 0.0 0 0.0005827788798415549
5 10 0.0 0 0.000328474242101798
5 6 0.0 0 8.297327007549152e-05
5 7 0.0 0 0.00020534470988015847
5 16 0.0 0 0.0011808150830766497
5 13 0.0 0 1.095552555243757e-05
5 14 0.0 0 0.0004945338195200485
5 11 0.0 0 0.0002282039317686956
7 10 1000000.0 1 0.00030277562846449857
7 6 1000000.0 1 0.00090949012194746
7 9 0.0 0 0.0014042872759534378
7 2 0.0 0 0.002435967223144786
7 17 0.0 0 0.0008132063165028555
7 8 0.0 0 4.993984616887681e-06
7 12 0.0 0 0.00012348364820116478
7 4 0.0 0 1.9001695683000668e-05
7 3 0.0 0 3.98186719707934e-05
7 1 0.0 0 0.002724661816503682
7 5 0.0 0 0.0025299621078027526
7 16 0.0 0 0.000199333614020566
7 15 0.0 0 0.00027811853127685134
7 13 0.0 0 5.014992770324547e-06
7 14 0.0 0 0.004598009140275114
7 11 0.0 0 0.00010805513697052521
16 6 1000000.0 1 0.0003199555057006401
16 15 1000000.0 1 0.0023083954313350592
16 9 0.0 0 0.0004609474278514249
16 2 0.0 0 8.533251046963355e-05
16 17 0.0 0 0.00010846994943702278
16 8 0.0 0 0.00024845437988382855
16 12 0.0 0 3.926585370986339e-05
16 4 0.0 0 0.0009732260819821732
16 3 0.0 0 0.0002914296197623417
16 10 0.0 0 0.0007921191300415785
16 1 0.0 0 0.0015584168391571422
16 5 0.0 0 0.0004419418602305256
16 7 0.0 0 0.0013561198608270176
16 13 0.0 0 0.0019095338481897243
16 14 0.0 0 5.6068924682917014e-05
16 11 0.0 0 0.0043425037715164976
15 14 1000000.0 1 6.374129485945723e-05
15 16 1000000.0 1 0.002077710462673354
15 5 1000000.0 1 0.0003227621255920363
15 9 0.0 0 0.0014532671065117598
15 2 0.0 0 0.001004445452411864
15 17 0.0 0 0.0006765879961768553
15 8 0.0 0 0.0005751887127606567
15 12 0.0 0 0.0009461750455772584
15 4 0.0 0 0.000329702271114252
15 3 0.0 0 0.0008607281758201491
15 10 0.0 0 0.0029891813879283913
15 1 0.0 0 0.0003145967706511686
15 6 0.0 0 0.0025967349438565405
15 7 0.0 0 0.0012287998068669782
15 13 0.0 0 0.0013465132543648772
15 11 0.0 0 0.001172803190313345
13 14 1000000.0 1 0.00012675456094604864
13 12 1000000.0 1 0.001304892556681759
13 9 0.0 0 0.0006075437728231636
13 2 0.0 0 0.00021621946226573507
13 17 0.0 0 0.00022407985549581828
13 8 0.0 0 0.0003484071547077976
13 4 0.0 0 2.412375722966786e-05
13 3 0.0 0 0.001784707855014171
13 10 0.0 0 0.00079869826694697
13 1 0.0 0 0.0001840703579449889
13 6 0.0 0 0.0020221578150336635
13 5 0.0 0 0.0028423366839268045
13 7 0.0 0 0.0018713184102258508
13 16 0.0 0 0.00058960406312329
13 15 0.0 0 0.0022837860112833426
13 11 0.0 0 0.00045915322277028324
14 13 1000000.0 1 0.0005040111882527106
14 17 1000000.0 1 0.0026492440133690696
14 15 1000000.0 1 0.0008885914288844148
14 9 0.0 0 0.00013222039785873224
14 2 0.0 0 0.0003334212077759811
14 8 0.0 0 0.0003735590253358951
14 12 0.0 0 9.672629216238945e-05
14 4 0.0 0 0.0018823711344345064
14 3 0.0 0 4.2650132735401324e-05
14 10 0.0 0 0.0005134544881119728
14 1 0.0 0 0.0001712486271757908
14 6 0.0 0 0.0007015038715376626
14 5 0.0 0 0.0034121240747621243
14 7 0.0 0 0.0005747531072164731
14 16 0.0 0 8.658028004405112e-06
14 11 0.0 0 0.0005024186122414413
11 12 1000000.0 1 0.0001011414748406104
11 17 1000000.0 1 5.277884346603863e-06
11 9 0.0 0 0.00035511136059538333
11 2 0.0 0 0.0002932399081492204
11 8 0.0 0 0.0011321297594851848
11 4 0.0 0 0.0016313501036253285
11 3 0.0 0 0.004688538761812197
11 10 0.0 0 0.0015257978102450169
11 1 0.0 0 0.00031197184140475357
11 6 0.0 0 0.0011868368611443636
11 5 0.0 0 0.0017980690783730283
11 7 0.0 0 0.0017978999166476163
11 16 0.0 0 0.005321632963777883
11 15 0.0 0 0.0030116086230165292
11 13 0.0 0 0.0028982418520325406
11 14 0.0 0 0.005474771844230455
