from_node to_node capacity num_fiberducts prob_failure
9 2 1000000.0 1 0.0002464945180451785
9 17 1000000.0 1 5.52361282728398e-06
9 8 0.0 0 9.497180659190742e-05
9 12 0.0 0 0.0006491315915939602
9 4 0.0 0 0.004469243554712968
9 3 0.0 0 0.002097625811121019
9 10 0.0 0 3.299439362272807e-05
9 1 0.0 0 0.0011767858247619873
9 6 0.0 0 0.0037096681786472426
9 5 0.0 0 0.00015526229750513617
9 7 0.0 0 0.0007116176130167158
9 16 0.0 0 0.0011540513664972185
9 15 0.0 0 0.0011204398076093683
9 13 0.0 0 0.0006608089401927494
9 14 0.0 0 0.00046208581970156004
9 11 0.0 0 0.0005967623312475111
2 9 1000000.0 1 0.003063055146413986
2 3 1000000.0 1 0.0002829481612367122
2 4 1000000.0 1 0.00214014812943908
2 17 0.0 0 0.001316643145408604
2 8 0.0 0 0.0032463998099786485
2 12 0.0 0 6.39767741958807e-05
2 10 0.0 0 0.00042141246608855715
2 1 0.0 0 0.001194317681534559
2 6 0.0 0 0.0006996084102028681
2 5 0.0 0 8.442820710719193e-06
2 7 0.0 0 0.0006982929044140191
2 16 0.0 0 2.4652533317621372e-05
2 15 0.0 0 0.0013509161322673422
2 13 0.0 0 0.00044038853619157627
2 14 0.0 0 7.245250248410875e-06
2 11 0.0 0 0.0011300031215102416
17 1 1000000.0 1 0.006072733283904057
17 9 1000000.0 1 0.001030330496225825
17 14 1000000.0 1 0.0009977168865557698
17 11 1000000.0 1 0.0030131630488656144
17 2 0.0 0 0.00040642644159829476
17 8 0.0 0 0.0003041644020476189
17 12 0.0 0 0.00023390610954481786
17 4 0.0 0 0.0011526820559823786
17 3 0.0 0 0.00017719520206778652
17 10 0.0 0 0.00307668956427932
17 6 0.0 0 0.000581506062465368
17 5 0.0 0 0.00324380435049036
17 7 0.0 0 0.0012851933248451879
17 16 0.0 0 0.0022571327057964857
17 15 0.0 0 0.0006630712754054759
17 13 0.0 0 0.0014360997866084465
8 12 1000000.0 1 0.0002483245275147503
8 4 1000000.0 1 0.00015879350805036614
8 9 0.0 0 0.0006871754695183621
8 2 0.0 0 0.00019413320352607816
8 17 0.0 0 8.03467746630942e-05
8 3 0.0 0 0.0002309066551448388
8 10 0.0 0 0.0004356849127564512
8 1 0.0 0 0.0011940699062124624
8 6 0.0 0 0.00033222425883465303
8 5 0.0 0 0.0007259982429006344
8 7 0.0 0 0.0005577479202421802
8 16 0.0 0 0.0012001204099106495
8 15 0.0 0 8.292003105646702e-05
8 13 0.0 0 0.00022670154591334098
8 14 0.0 0 0.000988240010709899
8 11 0.0 0 6.575377041610242e-05
12 13 1000000.0 1 0.0005267883388916665
12 8 1000000.0 1 0.00023834604906396934
12 11 1000000.0 1 0.0005228075848442001
12 9 0.0 0 0.002186396088685168
12 2 0.0 0 0.00032831298771161295
12 17 0.0 0 1.688451936303921e-05
12 4 0.0 0 0.004975846682249768
12 3 0.0 0 0.0007951124555683984
12 10 0.0 0 5.8398046412605664e-05
12 1 0.0 0 2.019885750064564e-05
12 6 0.0 0 0.0009720811884127151
12 5 0.0 0 0.0018362118502043227
12 7 0.0 0 0.001269845037971716
12 16 0.0 0 0.0021871667187399637
12 15 0.0 0 0.0019571298260279554
12 14 0.0 0 0.0006227642537935951
4 2 1000000.0 1 0.00039247973895411615
4 8 1000000.0 1 0.00013137170456791592
4 6 1000000.0 1 4.873909309673134e-06
4 5 1000000.0 1 0.001877809412810144
4 9 0.0 0 0.0013094198280037153
4 17 0.0 0 0.0006665385431036557
4 12 0.0 0 0.001953553485292325
4 3 0.0 0 0.0005797988050843644
4 10 0.0 0 0.0005066508221813603
4 1 0.0 0 7.995064084734484e-05
4 7 0.0 0 0.0003058359369747657
4 16 0.0 0 0.00043658286064142626
4 15 0.0 0 0.0006604999067223708
4 13 0.0 0 0.000309469459024988
4 14 0.0 0 0.0010085833916145504
4 11 0.0 0 0.0009517790976452785
3 10 1000000.0 1 0.00046842529919911385
3 2 1000000.0 1 0.00077411195245769
3 9 0.0 0 1.0647351230496415e-05
3 17 0.0 0 0.0008500085639549324
3 8 0.0 0 0.0007819808814385003
3 12 0.0 0 1.0392616714972483e-06
3 4 0.0 0 0.00017822722277493518
3 1 0.0 0 0.004846540494177986
3 6 0.0 0 0.0003645474068741093
3 5 0.0 0 0.0012933955281322215
3 7 0.0 0 0.00032609120832773823
3 16 0.0 0 0.008226249574751326
3 15 0.0 0 0.0007880587498639219
3 13 0.0 0 0.0026321433250060607
3 14 0.0 0 1.7093000510870145e-05
3 11 0.0 0 0.0030265199571657413
10 7 1000000.0 1 0.00022988885605039854
10 3 1000000.0 1 0.00011159580824641358
10 9 0.0 0 0.001539885814732127
10 2 0.0 0 0.00045343999727259765
10 17 0.0 0 0.0009303783655039917
10 8 0.0 0 0.0017430043805202115
10 12 0.0 0 0.0006098924412104025
10 4 0.0 0 0.00010161121544544706
10 1 0.0 0 0.002819334514378632
10 6 0.0 0 0.0015238921101205067
10 5 0.0 0 1.8952336366878745e-05
10 16 0.0 0 0.0012799080947007505
10 15 0.0 0 0.00018766154713919313
10 13 0.0 0 0.0002146719141280289
10 14 0.0 0 2.595775585085786e-06
10 11 0.0 0 0.0015848786544601602
1 6 1000000.0 1 0.0010530204375090704
1 17 1000000.0 1 4.4079968647835085e-06
1 5 1000000.0 1 0.001359315879203006
1 9 0.0 0 0.0004441256161415784
1 2 0.0 0 0.002077145730054361
1 8 0.0 0 0.00218169401122238
1 12 0.0 0 0.0007316758556689316
1 4 0.0 0 0.0002640586993097534
1 3 0.0 0 0.0002183056037328551
1 10 0.0 0 0.00028719974611343126
1 7 0.0 0 0.0007914401334724819
1 16 0.0 0 8.657678657562263e-06
1 15 0.0 0 4.3443218686968996e-05
1 13 0.0 0 0.0041036625316050014
1 14 0.0 0 0.0009008770003656894
1 11 0.0 0 0.0006481616930475582
6 1 1000000.0 1 0.0018392097706352944
6 7 1000000.0 1 0.006242657630435784
6 4 1000000.0 1 3.485367226854303e-07
6 16 1000000.0 1 0.0008064735743838759
6 9 0.0 0 0.0009356579436194778
6 2 0.0 0 0.00018451478735945383
6 17 0.0 0 0.002266313162945915
6 8 0.0 0 0.0027807041875961723
6 12 0.0 0 0.005269247765210032
6 3 0.0 0 0.0008676885132756803
6 10 0.0 0 2.032973674403821e-05
6 5 0.0 0 7.335538449540595e-05
6 15 0.0 0 0.0004929811898307713
6 13 0.0 0 0.00018271596731791442
6 14 0.0 0 0.0017298675962510632
6 11 0.0 0 0.00047761735669560714
5 1 1000000.0 1 0.002488332627258561
5 4 1000000.0 1 0.00020510677140011296
5 15 1000000.0 1 0.0005505855018196509
5 9 0.0 0 0.0001888382258347055
5 2 0.0 0 6.706167497930178e-05
5 17 0.0 0 0.00089602962349867
5 8 0.0 0 0.0017688882852564339
5 12 0.0 0 0.001877254109925014
5 3 0.0 0 0.00014073704509419508
5 10 0.0 0 2.293845474783152e-05
5 6 0.0 0 0.0015562361148706019
5 7 0.0 0 0.0033366873649937757
5 16 0.0 0 0.00014030613170352697
5 13 0.0 0 0.0008287726625264765
5 14 0.0 0 0.00013274613298813203
5 11 0.0 0 0.001391853547295363
7 10 1000000.0 1 0.0004983089788259008
7 6 1000000.0 1 7.24034649607319e-06
7 9 0.0 0 0.0008851053729051475
7 2 0.0 0 0.004283204621525501
7 17 0.0 0 0.0008417084041322018
7 8 0.0 0 0.0006644923219715126
7 12 0.0 0 0.00046322587143631395
7 4 0.0 0 0.0007871226483319286
7 3 0.0 0 0.0018852697597893974
7 1 0.0 0 0.00019749528433037446
7 5 0.0 0 0.004500697584237379
7 16 0.0 0 0.00019120797173669975
7 15 0.0 0 0.0008477157889296268
7 13 0.0 0 0.00027763211600298406
7 14 0.0 0 0.0003698028663636787
7 11 0.0 0 0.0004460788712946606
16 6 1000000.0 1 0.0002596510098856375
16 15 1000000.0 1 0.0028921224085640277
16 9 0.0 0 0.0005098579704968033
16 2 0.0 0 0.0038465755192423445
16 17 0.0 0 0.00023904142492069043
16 8 0.0 0 0.0010037302025372008
16 12 0.0 0 0.0002013977678605931
16 4 0.0 0 0.0004863962974233195
16 3 0.0 0 5.095547801789869e-05
16 10 0.0 0 0.0005483717788897087
16 1 0.0 0 0.00045775532988896067
16 5 0.0 0 2.4103512336287466e-05
16 7 0.0 0 0.00015875886283358737
16 13 0.0 0 1.8690937236195756e-05
16 14 0.0 0 0.0005782609371549701
16 11 0.0 0 0.0003694517152465283
15 14 1000000.0 1 0.0009614731547478143
15 16 1000000.0 1 0.0012080465694768974
15 5 1000000.0 1 0.002182236099607348
15 9 0.0 0 0.0007698249585619802
15 2 0.0 0 0.0008091495262216128
15 17 0.0 0 0.00030631445216801133
15 8 0.0 0 0.0014851085042283997
15 12 0.0 0 0.0017495012997190194
15 4 0.0 0 0.003640537839439011
15 3 0.0 0 0.0014536802355661152
15 10 0.0 0 9.39172385787692e-05
15 1 0.0 0 0.0009097085169839651
15 6 0.0 0 0.0035844995932366656
15 7 0.0 0 0.001927343399450387
15 13 0.0 0 0.0021186714047868446
15 11 0.0 0 0.00019140117109970212
13 14 1000000.0 1 0.0005398278631266869
13 12 1000000.0 1 0.00038821292684660384
13 9 0.0 0 3.438044862163067e-05
13 2 0.0 0 0.00021927177098769827
13 17 0.0 0 0.001742777647654885
13 8 0.0 0 0.00040612733926229273
13 4 0.0 0 0.0013959531948107568
13 3 0.0 0 0.00199591004665533
13 10 0.0 0 1.7522479334949333e-06
13 1 0.0 0 0.0001651407205791116
13 6 0.0 0 0.00021461481042098275
13 5 0.0 0 0.00034014830968418983
13 7 0.0 0 0.0020240704568567514
13 16 0.0 0 0.002951470872433461
13 15 0.0 0 0.0008281799247218154
13 11 0.0 0 0.0023880513483776904
14 13 1000000.0 1 0.003136374049854509
14 17 1000000.0 1 1.649497804851114e-05
14 15 1000000.0 1 0.00021869606375151502
14 9 0.0 0 0.0007759117317348153
14 2 0.0 0 0.0013667530795088605
14 8 0.0 0 0.0004938049601649486
14 12 0.0 0 2.6016153185177853e-05
14 4 0.0 0 0.0032480579861246424
14 3 0.0 0 0.0002295077763231898
14 10 0.0 0 0.00022233526105754477
14 1 0.0 0 0.003281898767589545
14 6 0.0 0 0.003824621971412822
14 5 0.0 0 0.000912301271943291
14 7 0.0 0 0.0004201015267137261
14 16 0.0 0 2.4475146498379937e-05
14 11 0.0 0 8.830135958965559e-06
11 12 1000000.0 1 0.0005894184821735514
11 17 1000000.0 1 0.005960146407398644
11 9 0.0 0 0.0011592703957034813
11 2 0.0 0 0.0008216445974858631
11 8 0.0 0 0.001811475298554237
11 4 0.0 0 0.0017645195411118784
11 3 0.0 0 0.0001121921308191312
11 10 0.0 0 0.00027783237559523264
11 1 0.0 0 0.00020583627522620108
11 6 0.0 0 0.0008263374727160991
11 5 0.0 0 0.0010660439777788575
11 7 0.0 0 0.002420283516216262
11 16 0.0 0 6.743994118940124e-05
11 15 0.0 0 6.936110653170185e-05
11 13 0.0 0 0.0019611299576126153
11 14 0.0 0 0.0006462225065353634
